list:  [10, 20, 50, 80, 40, 30, 70, 60, 90]
---
heap_push: 10 [10]
heap_push: 20 [10, 20]
heap_push: 50 [10, 20, 50]
heap_push: 80 [10, 20, 50, 80]
heap_push: 40 [10, 20, 50, 80, 40]
heap_push: 30 [10, 20, 30, 80, 40, 50]
heap_push: 70 [10, 20, 30, 80, 40, 50, 70]
heap_push: 60 [10, 20, 30, 60, 40, 50, 70, 80]
heap_push: 90 [10, 20, 30, 60, 40, 50, 70, 80, 90]
---
heap_pop:  10 [20, 40, 30, 60, 90, 50, 70, 80]
heap_pop:  20 [30, 40, 50, 60, 90, 80, 70]
heap_pop:  30 [40, 60, 50, 70, 90, 80]
heap_pop:  40 [50, 60, 80, 70, 90]
heap_pop:  50 [60, 70, 80, 90]
heap_pop:  60 [70, 90, 80]
heap_pop:  70 [80, 90]
heap_pop:  80 [90]
heap_pop:  90 []
