list:  [10, 20, 50, 80, 40, 30, 70, 60, 90]
heap_push: 10 [10]
heap_push: 20 [20, 10]
heap_push: 50 [50, 10, 20]
heap_push: 80 [80, 50, 20, 10]
heap_push: 40 [80, 50, 20, 10, 40]
heap_push: 30 [80, 50, 30, 10, 40, 20]
heap_push: 70 [80, 50, 70, 10, 40, 20, 30]
heap_push: 60 [80, 60, 70, 50, 40, 20, 30, 10]
heap_push: 90 [90, 80, 70, 60, 40, 20, 30, 10, 50]

heap_pop:  90 [80, 60, 70, 50, 40, 20, 30, 10]
heap_pop:  80 [70, 60, 30, 50, 40, 20, 10]
heap_pop:  70 [60, 50, 30, 10, 40, 20]
heap_pop:  60 [50, 40, 30, 10, 20]
heap_pop:  50 [40, 20, 30, 10]
heap_pop:  40 [30, 20, 10]
heap_pop:  30 [20, 10]
heap_pop:  20 [10]
heap_pop:  10 []
